"","resultnegative","resultpositive","pan_day","age","gendermale","demo_groupother adult","demo_grouppatient","payor_groupcommercial","payor_groupgovernment","payor_groupmedical assistance","payor_groupother","payor_groupself pay","patient_classemergency","patient_classoutpatient","drive_thru_ind","std_pan_day","std_age","std_drive_thru_ind","clinic_name"
"resultnegative",0,0,0,0,0,0,0,0,0,0,0,0,0,0,0,0,0,0,"1 laboratory"
"resultpositive",0,0,0,0,0,0,0,0,0,0,0,0,0,0,0,0,0,0,"1 laboratory"
"pan_day",0,0,1,0.999967551606457,0.396955984012516,0,0,-0.164591505566165,0.164591505566165,0,0,0,0,0,-0.285080850134854,1,0.999967551606457,-0.285080850134854,"1 laboratory"
"age",0,0,0.999967551606457,1,0.400320384512718,0,0,-0.160128153805087,0.160128153805087,0,0,0,0,0,-0.277350098112615,0.999967551606457,1,-0.277350098112615,"1 laboratory"
"gendermale",0,0,0.396955984012516,0.400320384512718,0.333333333333333,0,0,0.166666666666667,-0.166666666666667,0,0,0,0,0,0.288675134594813,0.396955984012516,0.400320384512718,0.288675134594813,"1 laboratory"
"demo_groupother.adult",0,0,0,0,0,0,0,0,0,0,0,0,0,0,0,0,0,0,"1 laboratory"
"demo_grouppatient",0,0,0,0,0,0,0,0,0,0,0,0,0,0,0,0,0,0,"1 laboratory"
"payor_groupcommercial",0,0,-0.164591505566165,-0.160128153805087,0.166666666666667,0,0,0.333333333333333,-0.333333333333333,0,0,0,0,0,0.577350269189626,-0.164591505566165,-0.160128153805087,0.577350269189626,"1 laboratory"
"payor_groupgovernment",0,0,0.164591505566165,0.160128153805087,-0.166666666666667,0,0,-0.333333333333333,0.333333333333333,0,0,0,0,0,-0.577350269189626,0.164591505566165,0.160128153805087,-0.577350269189626,"1 laboratory"
"payor_groupmedical.assistance",0,0,0,0,0,0,0,0,0,0,0,0,0,0,0,0,0,0,"1 laboratory"
"payor_groupother",0,0,0,0,0,0,0,0,0,0,0,0,0,0,0,0,0,0,"1 laboratory"
"payor_groupself.pay",0,0,0,0,0,0,0,0,0,0,0,0,0,0,0,0,0,0,"1 laboratory"
"patient_classemergency",0,0,0,0,0,0,0,0,0,0,0,0,0,0,0,0,0,0,"1 laboratory"
"patient_classoutpatient",0,0,0,0,0,0,0,0,0,0,0,0,0,0,0,0,0,0,"1 laboratory"
"drive_thru_ind",0,0,-0.285080850134854,-0.277350098112615,0.288675134594813,0,0,0.577350269189626,-0.577350269189626,0,0,0,0,0,1,-0.285080850134854,-0.277350098112615,1,"1 laboratory"
"std_pan_day",0,0,1,0.999967551606457,0.396955984012516,0,0,-0.164591505566165,0.164591505566165,0,0,0,0,0,-0.285080850134854,1,0.999967551606457,-0.285080850134854,"1 laboratory"
"std_age",0,0,0.999967551606457,1,0.400320384512718,0,0,-0.160128153805087,0.160128153805087,0,0,0,0,0,-0.277350098112615,0.999967551606457,1,-0.277350098112615,"1 laboratory"
"std_drive_thru_ind",0,0,-0.285080850134854,-0.277350098112615,0.288675134594813,0,0,0.577350269189626,-0.577350269189626,0,0,0,0,0,1,-0.285080850134854,-0.277350098112615,1,"1 laboratory"
"resultnegative.1",0,0,0,0,0,0,0,0,0,0,0,0,0,0,0,0,0,0,"3  laboratory"
"resultpositive.1",0,0,0,0,0,0,0,0,0,0,0,0,0,0,0,0,0,0,"3  laboratory"
"pan_day.1",0,0,1,1,-0.707106781186547,0,0,0,0,0,0,0,0,0,0,1,1,0,"3  laboratory"
"age.1",0,0,1,1,-0.707106781186547,0,0,0,0,0,0,0,0,0,0,1,1,0,"3  laboratory"
"gendermale.1",0,0,-0.707106781186547,-0.707106781186547,0.5,0,0,0,0,0,0,0,0,0,0,-0.707106781186548,-0.707106781186548,0,"3  laboratory"
"demo_groupother.adult.1",0,0,0,0,0,0,0,0,0,0,0,0,0,0,0,0,0,0,"3  laboratory"
"demo_grouppatient.1",0,0,0,0,0,0,0,0,0,0,0,0,0,0,0,0,0,0,"3  laboratory"
"payor_groupcommercial.1",0,0,0,0,0,0,0,0,0,0,0,0,0,0,0,0,0,0,"3  laboratory"
"payor_groupgovernment.1",0,0,0,0,0,0,0,0,0,0,0,0,0,0,0,0,0,0,"3  laboratory"
"payor_groupmedical.assistance.1",0,0,0,0,0,0,0,0,0,0,0,0,0,0,0,0,0,0,"3  laboratory"
"payor_groupother.1",0,0,0,0,0,0,0,0,0,0,0,0,0,0,0,0,0,0,"3  laboratory"
"payor_groupself.pay.1",0,0,0,0,0,0,0,0,0,0,0,0,0,0,0,0,0,0,"3  laboratory"
"patient_classemergency.1",0,0,0,0,0,0,0,0,0,0,0,0,0,0,0,0,0,0,"3  laboratory"
"patient_classoutpatient.1",0,0,0,0,0,0,0,0,0,0,0,0,0,0,0,0,0,0,"3  laboratory"
"drive_thru_ind.1",0,0,0,0,0,0,0,0,0,0,0,0,0,0,0,0,0,0,"3  laboratory"
"std_pan_day.1",0,0,1,1,-0.707106781186548,0,0,0,0,0,0,0,0,0,0,1,1,0,"3  laboratory"
"std_age.1",0,0,1,1,-0.707106781186548,0,0,0,0,0,0,0,0,0,0,1,1,0,"3  laboratory"
"std_drive_thru_ind.1",0,0,0,0,0,0,0,0,0,0,0,0,0,0,0,0,0,0,"3  laboratory"
"resultnegative.2",0,0,0,0,0,0,0,0,0,0,0,0,0,0,0,0,0,0,"anes resource ctr"
"resultpositive.2",0,0,0,0,0,0,0,0,0,0,0,0,0,0,0,0,0,0,"anes resource ctr"
"pan_day.2",0,0,1,0.99407039532154,0.123509775522106,0,0,-0.550179909143925,0.550179909143925,0,0,0,0,0,0,1,0.99407039532154,0,"anes resource ctr"
"age.2",0,0,0.99407039532154,1,0.184104222894218,0,0,-0.565950018526669,0.565950018526669,0,0,0,0,0,0,0.99407039532154,1,0,"anes resource ctr"
"gendermale.2",0,0,0.123509775522106,0.184104222894218,0.333333333333333,0,0,-0.166666666666667,0.166666666666667,0,0,0,0,0,0,0.123509775522106,0.184104222894218,0,"anes resource ctr"
"demo_groupother.adult.2",0,0,0,0,0,0,0,0,0,0,0,0,0,0,0,0,0,0,"anes resource ctr"
"demo_grouppatient.2",0,0,0,0,0,0,0,0,0,0,0,0,0,0,0,0,0,0,"anes resource ctr"
"payor_groupcommercial.2",0,0,-0.550179909143925,-0.565950018526669,-0.166666666666667,0,0,0.333333333333333,-0.333333333333333,0,0,0,0,0,0,-0.550179909143925,-0.565950018526669,0,"anes resource ctr"
"payor_groupgovernment.2",0,0,0.550179909143925,0.565950018526669,0.166666666666667,0,0,-0.333333333333333,0.333333333333333,0,0,0,0,0,0,0.550179909143925,0.565950018526669,0,"anes resource ctr"
"payor_groupmedical.assistance.2",0,0,0,0,0,0,0,0,0,0,0,0,0,0,0,0,0,0,"anes resource ctr"
"payor_groupother.2",0,0,0,0,0,0,0,0,0,0,0,0,0,0,0,0,0,0,"anes resource ctr"
"payor_groupself.pay.2",0,0,0,0,0,0,0,0,0,0,0,0,0,0,0,0,0,0,"anes resource ctr"
"patient_classemergency.2",0,0,0,0,0,0,0,0,0,0,0,0,0,0,0,0,0,0,"anes resource ctr"
"patient_classoutpatient.2",0,0,0,0,0,0,0,0,0,0,0,0,0,0,0,0,0,0,"anes resource ctr"
"drive_thru_ind.2",0,0,0,0,0,0,0,0,0,0,0,0,0,0,0,0,0,0,"anes resource ctr"
"std_pan_day.2",0,0,1,0.99407039532154,0.123509775522106,0,0,-0.550179909143925,0.550179909143925,0,0,0,0,0,0,1,0.99407039532154,0,"anes resource ctr"
"std_age.2",0,0,0.99407039532154,1,0.184104222894218,0,0,-0.565950018526669,0.565950018526669,0,0,0,0,0,0,0.99407039532154,1,0,"anes resource ctr"
"std_drive_thru_ind.2",0,0,0,0,0,0,0,0,0,0,0,0,0,0,0,0,0,0,"anes resource ctr"
"resultnegative.3",0,0,0,0,0,0,0,0,0,0,0,0,0,0,0,0,0,0,"autopsy"
"resultpositive.3",0,0,0,0,0,0,0,0,0,0,0,0,0,0,0,0,0,0,"autopsy"
"pan_day.3",0,0,1,0,0,0,0,0,0,0,0,0,0,0,0,1,0,0,"autopsy"
"age.3",0,0,0,0,0,0,0,0,0,0,0,0,0,0,0,0,0,0,"autopsy"
"gendermale.3",0,0,0,0,0,0,0,0,0,0,0,0,0,0,0,0,0,0,"autopsy"
"demo_groupother.adult.3",0,0,0,0,0,0,0,0,0,0,0,0,0,0,0,0,0,0,"autopsy"
"demo_grouppatient.3",0,0,0,0,0,0,0,0,0,0,0,0,0,0,0,0,0,0,"autopsy"
"payor_groupcommercial.3",0,0,0,0,0,0,0,0,0,0,0,0,0,0,0,0,0,0,"autopsy"
"payor_groupgovernment.3",0,0,0,0,0,0,0,0,0,0,0,0,0,0,0,0,0,0,"autopsy"
"payor_groupmedical.assistance.3",0,0,0,0,0,0,0,0,0,0,0,0,0,0,0,0,0,0,"autopsy"
"payor_groupother.3",0,0,0,0,0,0,0,0,0,0,0,0,0,0,0,0,0,0,"autopsy"
"payor_groupself.pay.3",0,0,0,0,0,0,0,0,0,0,0,0,0,0,0,0,0,0,"autopsy"
"patient_classemergency.3",0,0,0,0,0,0,0,0,0,0,0,0,0,0,0,0,0,0,"autopsy"
"patient_classoutpatient.3",0,0,0,0,0,0,0,0,0,0,0,0,0,0,0,0,0,0,"autopsy"
"drive_thru_ind.3",0,0,0,0,0,0,0,0,0,0,0,0,0,0,0,0,0,0,"autopsy"
"std_pan_day.3",0,0,1,0,0,0,0,0,0,0,0,0,0,0,0,1,0,0,"autopsy"
"std_age.3",0,0,0,0,0,0,0,0,0,0,0,0,0,0,0,0,0,0,"autopsy"
"std_drive_thru_ind.3",0,0,0,0,0,0,0,0,0,0,0,0,0,0,0,0,0,0,"autopsy"
"resultnegative.4",0,0,0,0,0,0,0,0,0,0,0,0,0,0,0,0,0,0,"cardiac echo"
"resultpositive.4",0,0,0,0,0,0,0,0,0,0,0,0,0,0,0,0,0,0,"cardiac echo"
"pan_day.4",0,0,1,0,0,0,0,0,0,0,0,0,0,0,0,1,0,0,"cardiac echo"
"age.4",0,0,0,0,0,0,0,0,0,0,0,0,0,0,0,0,0,0,"cardiac echo"
"gendermale.4",0,0,0,0,0,0,0,0,0,0,0,0,0,0,0,0,0,0,"cardiac echo"
"demo_groupother.adult.4",0,0,0,0,0,0,0,0,0,0,0,0,0,0,0,0,0,0,"cardiac echo"
"demo_grouppatient.4",0,0,0,0,0,0,0,0,0,0,0,0,0,0,0,0,0,0,"cardiac echo"
"payor_groupcommercial.4",0,0,0,0,0,0,0,0,0,0,0,0,0,0,0,0,0,0,"cardiac echo"
"payor_groupgovernment.4",0,0,0,0,0,0,0,0,0,0,0,0,0,0,0,0,0,0,"cardiac echo"
"payor_groupmedical.assistance.4",0,0,0,0,0,0,0,0,0,0,0,0,0,0,0,0,0,0,"cardiac echo"
"payor_groupother.4",0,0,0,0,0,0,0,0,0,0,0,0,0,0,0,0,0,0,"cardiac echo"
"payor_groupself.pay.4",0,0,0,0,0,0,0,0,0,0,0,0,0,0,0,0,0,0,"cardiac echo"
"patient_classemergency.4",0,0,0,0,0,0,0,0,0,0,0,0,0,0,0,0,0,0,"cardiac echo"
"patient_classoutpatient.4",0,0,0,0,0,0,0,0,0,0,0,0,0,0,0,0,0,0,"cardiac echo"
"drive_thru_ind.4",0,0,0,0,0,0,0,0,0,0,0,0,0,0,0,0,0,0,"cardiac echo"
"std_pan_day.4",0,0,1,0,0,0,0,0,0,0,0,0,0,0,0,1,0,0,"cardiac echo"
"std_age.4",0,0,0,0,0,0,0,0,0,0,0,0,0,0,0,0,0,0,"cardiac echo"
"std_drive_thru_ind.4",0,0,0,0,0,0,0,0,0,0,0,0,0,0,0,0,0,0,"cardiac echo"
"resultnegative.5",0,0,0,0,0,0,0,0,0,0,0,0,0,0,0,0,0,0,"cardiac ekg"
"resultpositive.5",0,0,0,0,0,0,0,0,0,0,0,0,0,0,0,0,0,0,"cardiac ekg"
"pan_day.5",0,0,1,0.655701901813869,0.139164453554448,0,0,-0.0407130050292267,0.0407130050292267,0,0,0,0,0,0,1,0.655701901813869,0,"cardiac ekg"
"age.5",0,0,0.655701901813869,1,0.0808732486346622,0,0,0.300347452000109,-0.300347452000109,0,0,0,0,0,0,0.655701901813869,1,0,"cardiac ekg"
"gendermale.5",0,0,0.139164453554448,0.0808732486346622,0.285714285714286,0,0,-0.119047619047619,0.119047619047619,0,0,0,0,0,0,0.139164453554448,0.0808732486346622,0,"cardiac ekg"
"demo_groupother.adult.5",0,0,0,0,0,0,0,0,0,0,0,0,0,0,0,0,0,0,"cardiac ekg"
"demo_grouppatient.5",0,0,0,0,0,0,0,0,0,0,0,0,0,0,0,0,0,0,"cardiac ekg"
"payor_groupcommercial.5",0,0,-0.0407130050292267,0.300347452000109,-0.119047619047619,0,0,0.285714285714286,-0.285714285714286,0,0,0,0,0,0,-0.0407130050292267,0.300347452000109,0,"cardiac ekg"
"payor_groupgovernment.5",0,0,0.0407130050292267,-0.300347452000109,0.119047619047619,0,0,-0.285714285714286,0.285714285714286,0,0,0,0,0,0,0.0407130050292267,-0.300347452000109,0,"cardiac ekg"
"payor_groupmedical.assistance.5",0,0,0,0,0,0,0,0,0,0,0,0,0,0,0,0,0,0,"cardiac ekg"
"payor_groupother.5",0,0,0,0,0,0,0,0,0,0,0,0,0,0,0,0,0,0,"cardiac ekg"
"payor_groupself.pay.5",0,0,0,0,0,0,0,0,0,0,0,0,0,0,0,0,0,0,"cardiac ekg"
"patient_classemergency.5",0,0,0,0,0,0,0,0,0,0,0,0,0,0,0,0,0,0,"cardiac ekg"
"patient_classoutpatient.5",0,0,0,0,0,0,0,0,0,0,0,0,0,0,0,0,0,0,"cardiac ekg"
"drive_thru_ind.5",0,0,0,0,0,0,0,0,0,0,0,0,0,0,0,0,0,0,"cardiac ekg"
"std_pan_day.5",0,0,1,0.655701901813869,0.139164453554448,0,0,-0.0407130050292267,0.0407130050292267,0,0,0,0,0,0,1,0.655701901813869,0,"cardiac ekg"
"std_age.5",0,0,0.655701901813869,1,0.0808732486346622,0,0,0.300347452000109,-0.300347452000109,0,0,0,0,0,0,0.655701901813869,1,0,"cardiac ekg"
"std_drive_thru_ind.5",0,0,0,0,0,0,0,0,0,0,0,0,0,0,0,0,0,0,"cardiac ekg"
"resultnegative.6",0.0959791349706585,-0.0959791349706585,0.0070018778016182,-0.0308761263221992,0.00326016083460117,0,0,-0.00821560530319496,0.00671593131927842,0,0,0.00149967398391654,0,0,-0.0384421763413273,0.0070018778016182,-0.0308761263221992,-0.0384421763413273,"care ntwk"
"resultpositive.6",-0.0959791349706585,0.0959791349706585,-0.0070018778016182,0.0308761263221992,-0.00326016083460117,0,0,0.00821560530319496,-0.00671593131927842,0,0,-0.00149967398391654,0,0,0.0384421763413273,-0.0070018778016182,0.0308761263221992,0.0384421763413273,"care ntwk"
"pan_day.6",0.0070018778016182,-0.0070018778016182,1,0.626921141230595,0.000608024123540886,0,0,-0.0256338170294388,0.0214392506087482,0,0,0.00419456642069061,0,0,0.0195585080912617,1,0.626921141230595,0.0195585080912617,"care ntwk"
"age.6",-0.0308761263221992,0.0308761263221992,0.626921141230595,1,-0.0111261652740498,0,0,0.0328046833470177,-0.0296233132734865,0,0,-0.00318137007353117,0,0,-0.0614428845480869,0.626921141230595,1,-0.0614428845480869,"care ntwk"
"gendermale.6",0.00326016083460117,-0.00326016083460117,0.000608024123540886,-0.0111261652740498,0.24994566398609,0,0,-0.00836774614214301,0.0102151706150837,0,0,-0.00184742447294067,0,0,-0.0506857462034624,0.000608024123540887,-0.0111261652740498,-0.0506857462034624,"care ntwk"
"demo_groupother.adult.6",0,0,0,0,0,0,0,0,0,0,0,0,0,0,0,0,0,0,"care ntwk"
"demo_grouppatient.6",0,0,0,0,0,0,0,0,0,0,0,0,0,0,0,0,0,0,"care ntwk"
"payor_groupcommercial.6",-0.00821560530319496,0.00821560530319496,-0.0256338170294388,0.0328046833470177,-0.00836774614214301,0,0,0.17678765485764,-0.173592697239731,0,0,-0.00319495761790915,0,0,-0.0104004518183728,-0.0256338170294388,0.0328046833470177,-0.0104004518183728,"care ntwk"
"payor_groupgovernment.6",0.00671593131927842,-0.00671593131927842,0.0214392506087482,-0.0296233132734865,0.0102151706150837,0,0,-0.173592697239731,0.18422082156053,0,0,-0.0106281243207998,0,0,0.0127701750174957,0.0214392506087482,-0.0296233132734865,0.0127701750174957,"care ntwk"
"payor_groupmedical.assistance.6",0,0,0,0,0,0,0,0,0,0,0,0,0,0,0,0,0,0,"care ntwk"
"payor_groupother.6",0,0,0,0,0,0,0,0,0,0,0,0,0,0,0,0,0,0,"care ntwk"
"payor_groupself.pay.6",0.00149967398391654,-0.00149967398391654,0.00419456642069061,-0.00318137007353117,-0.00184742447294067,0,0,-0.00319495761790915,-0.0106281243207998,0,0,0.013823081938709,0,0,-0.00236972319912292,0.00419456642069061,-0.00318137007353117,-0.00236972319912292,"care ntwk"
"patient_classemergency.6",0,0,0,0,0,0,0,0,0,0,0,0,0,0,0,0,0,0,"care ntwk"
"patient_classoutpatient.6",0,0,0,0,0,0,0,0,0,0,0,0,0,0,0,0,0,0,"care ntwk"
"drive_thru_ind.6",-0.0384421763413273,0.0384421763413273,0.0195585080912617,-0.0614428845480869,-0.0506857462034624,0,0,-0.0104004518183728,0.0127701750174957,0,0,-0.00236972319912292,0,0,1,0.0195585080912617,-0.0614428845480869,1,"care ntwk"
"std_pan_day.6",0.0070018778016182,-0.0070018778016182,1,0.626921141230595,0.000608024123540887,0,0,-0.0256338170294388,0.0214392506087482,0,0,0.00419456642069061,0,0,0.0195585080912617,1,0.626921141230595,0.0195585080912617,"care ntwk"
"std_age.6",-0.0308761263221992,0.0308761263221992,0.626921141230595,1,-0.0111261652740498,0,0,0.0328046833470177,-0.0296233132734865,0,0,-0.00318137007353117,0,0,-0.0614428845480869,0.626921141230595,1,-0.0614428845480869,"care ntwk"
"std_drive_thru_ind.6",-0.0384421763413273,0.0384421763413273,0.0195585080912617,-0.0614428845480869,-0.0506857462034624,0,0,-0.0104004518183728,0.0127701750174957,0,0,-0.00236972319912292,0,0,1,0.0195585080912617,-0.0614428845480869,1,"care ntwk"
"resultnegative.7",0.113604488078541,-0.113604488078541,0.0114768175415768,0.000664938457720096,-0.00455820476858345,0,0,0.00140252454417952,0.00666199158485273,0,0,-0.00806451612903226,0,0,-0.09129683399257,0.0114768175415768,0.000664938457720097,-0.09129683399257,"cc care ntwk"
"resultpositive.7",-0.113604488078541,0.113604488078541,-0.0114768175415768,-0.000664938457720096,0.00455820476858345,0,0,-0.00140252454417952,-0.00666199158485273,0,0,0.00806451612903226,0,0,0.09129683399257,-0.0114768175415768,-0.000664938457720097,0.09129683399257,"cc care ntwk"
"pan_day.7",0.0114768175415768,-0.0114768175415768,1,0.540798139744585,0.0405874276823294,0,0,0.0895236775370608,-0.0934708026288109,0,0,0.00394712509175015,0,0,-0.128300160849489,1,0.540798139744585,-0.128300160849489,"cc care ntwk"
"age.7",0.000664938457720096,-0.000664938457720096,0.540798139744585,1,0.00740127652554599,0,0,0.147856738440883,-0.154035551186467,0,0,0.00617881274558366,0,0,-0.0925363590684603,0.540798139744585,1,-0.0925363590684603,"cc care ntwk"
"gendermale.7",-0.00455820476858345,0.00455820476858345,0.0405874276823294,0.00740127652554599,0.250350631136045,0,0,-0.0603085553997195,0.0613604488078541,0,0,-0.00105189340813464,0,0,-0.0574831917730997,0.0405874276823294,0.00740127652554599,-0.0574831917730997,"cc care ntwk"
"demo_groupother.adult.7",0,0,0,0,0,0,0,0,0,0,0,0,0,0,0,0,0,0,"cc care ntwk"
"demo_grouppatient.7",0,0,0,0,0,0,0,0,0,0,0,0,0,0,0,0,0,0,"cc care ntwk"
"payor_groupcommercial.7",0.00140252454417952,-0.00140252454417952,0.0895236775370608,0.147856738440883,-0.0603085553997195,0,0,0.228143992519869,-0.220663861617578,0,0,-0.00748013090229079,0,0,0.0687544058462565,0.0895236775370608,0.147856738440883,0.0687544058462565,"cc care ntwk"
"payor_groupgovernment.7",0.00666199158485273,-0.00666199158485273,-0.0934708026288109,-0.154035551186467,0.0613604488078541,0,0,-0.220663861617578,0.234455352968677,0,0,-0.0137914913510986,0,0,-0.0665001630316251,-0.0934708026288109,-0.154035551186467,-0.0665001630316251,"cc care ntwk"
"payor_groupmedical.assistance.7",0,0,0,0,0,0,0,0,0,0,0,0,0,0,0,0,0,0,"cc care ntwk"
"payor_groupother.7",0,0,0,0,0,0,0,0,0,0,0,0,0,0,0,0,0,0,"cc care ntwk"
"payor_groupself.pay.7",-0.00806451612903226,0.00806451612903226,0.00394712509175015,0.00617881274558366,-0.00105189340813464,0,0,-0.00748013090229079,-0.0137914913510986,0,0,0.0212716222533894,0,0,-0.00225424281463136,0.00394712509175015,0.00617881274558366,-0.00225424281463136,"cc care ntwk"
"patient_classemergency.7",0,0,0,0,0,0,0,0,0,0,0,0,0,0,0,0,0,0,"cc care ntwk"
"patient_classoutpatient.7",0,0,0,0,0,0,0,0,0,0,0,0,0,0,0,0,0,0,"cc care ntwk"
"drive_thru_ind.7",-0.09129683399257,0.09129683399257,-0.128300160849489,-0.0925363590684603,-0.0574831917730997,0,0,0.0687544058462565,-0.0665001630316251,0,0,-0.00225424281463136,0,0,1,-0.128300160849489,-0.0925363590684603,1,"cc care ntwk"
"std_pan_day.7",0.0114768175415768,-0.0114768175415768,1,0.540798139744585,0.0405874276823294,0,0,0.0895236775370608,-0.0934708026288109,0,0,0.00394712509175015,0,0,-0.128300160849489,1,0.540798139744585,-0.128300160849489,"cc care ntwk"
"std_age.7",0.000664938457720097,-0.000664938457720097,0.540798139744585,1,0.00740127652554599,0,0,0.147856738440883,-0.154035551186467,0,0,0.00617881274558366,0,0,-0.0925363590684603,0.540798139744585,1,-0.0925363590684603,"cc care ntwk"
"std_drive_thru_ind.7",-0.09129683399257,0.09129683399257,-0.128300160849489,-0.0925363590684603,-0.0574831917730997,0,0,0.0687544058462565,-0.0665001630316251,0,0,-0.00225424281463136,0,0,1,-0.128300160849489,-0.0925363590684603,1,"cc care ntwk"
"resultnegative.8",0.0635593220338983,-0.0635593220338983,-0.0127272802132332,-0.0494752139554893,0.0051040061633282,-0.00452619414483821,0.0168528505392912,0.0213790446841294,-0.00414098613251156,0,0,-0.0172380585516179,0.00202234206471495,-0.0187788906009245,-0.00512485928183747,-0.0127272802132332,-0.0494752139554893,-0.00512485928183747,"clinical lab"
"resultpositive.8",-0.0635593220338983,0.0635593220338983,0.0127272802132332,0.0494752139554893,-0.0051040061633282,0.00452619414483821,-0.0168528505392912,-0.0213790446841294,0.00414098613251156,0,0,0.0172380585516179,-0.00202234206471495,0.0187788906009245,0.00512485928183747,0.0127272802132332,0.0494752139554893,0.00512485928183747,"clinical lab"
"pan_day.8",-0.0127272802132332,0.0127272802132332,1,0.105933989459932,-0.0351689203650206,-0.0178005679738,0.0487690242789965,0.0756475182428924,-0.0304187452244403,0,0,-0.0452287730184521,0.00643987230483852,-0.0230626877850081,-0.0418335654685432,1,0.105933989459932,-0.0418335654685432,"clinical lab"
"age.8",-0.0494752139554893,0.0494752139554893,0.105933989459932,1,-0.0138451557446905,0.0282263409238011,-0.312191719326468,-0.160714192360921,-0.142366540787846,0,0,0.303080733148767,-0.0365696239284759,0.228846713311347,-0.228184904263708,0.105933989459932,1,-0.228184904263708,"clinical lab"
"gendermale.8",0.0051040061633282,-0.0051040061633282,-0.0351689203650206,-0.0138451557446905,0.251348228043143,0.00866718027734977,-0.00712634822804314,-0.00442989214175655,-0.00548921417565485,0,0,0.0099191063174114,-0.0160824345146379,-0.00163713405238829,0.0371552297933217,-0.0351689203650206,-0.0138451557446905,0.0371552297933217,"clinical lab"
"demo_groupother.adult.8",-0.00452619414483821,0.00452619414483821,-0.0178005679738,0.0282263409238011,0.00866718027734977,0.0167565485362096,-0.0141563944530046,-0.00818567026194145,-0.00606702619414484,0,0,0.0142526964560863,-0.00192604006163328,0.00895608628659476,0.00128121482045937,-0.0178005679738,0.0282263409238011,0.00128121482045937,"clinical lab"
"demo_grouppatient.8",0.0168528505392912,-0.0168528505392912,0.0487690242789965,-0.312191719326468,-0.00712634822804314,-0.0141563944530046,0.141563944530046,0.0761748844375963,0.0606702619414484,0,0,-0.136845146379045,0.0192604006163328,-0.0895608628659476,0.062779526202509,0.0487690242789965,-0.312191719326468,0.062779526202509,"clinical lab"
"payor_groupcommercial.8",0.0213790446841294,-0.0213790446841294,0.0756475182428924,-0.160714192360921,-0.00442989214175655,-0.00818567026194145,0.0761748844375963,0.251027221366204,-0.17189907550077,0,0,-0.079128145865434,0.00792886492039034,-0.0928351309707242,0.0363010865796821,0.0756475182428924,-0.160714192360921,0.0363010865796821,"clinical lab"
"payor_groupgovernment.8",-0.00414098613251156,0.00414098613251156,-0.0304187452244403,-0.142366540787846,-0.00548921417565485,-0.00606702619414484,0.0606702619414484,-0.17189907550077,0.230546995377504,0,0,-0.0586479198767334,0.0106895223420647,0.00625963020030817,0.0269055112296467,-0.0304187452244403,-0.142366540787846,0.0269055112296467,"clinical lab"
"payor_groupmedical.assistance.8",0,0,0,0,0,0,0,0,0,0,0,0,0,0,0,0,0,0,"clinical lab"
"payor_groupother.8",0,0,0,0,0,0,0,0,0,0,0,0,0,0,0,0,0,0,"clinical lab"
"payor_groupself.pay.8",-0.0172380585516179,0.0172380585516179,-0.0452287730184521,0.303080733148767,0.0099191063174114,0.0142526964560863,-0.136845146379045,-0.079128145865434,-0.0586479198767334,0,0,0.137776065742167,-0.0186183872624551,0.086575500770416,-0.0632065978093288,-0.0452287730184521,0.303080733148767,-0.0632065978093288,"clinical lab"
"patient_classemergency.8",0.00202234206471495,-0.00202234206471495,0.00643987230483852,-0.0365696239284759,-0.0160824345146379,-0.00192604006163328,0.0192604006163328,0.00792886492039034,0.0106895223420647,0,0,-0.0186183872624551,0.100796096558808,-0.0539291217257319,0.00854143213639578,0.00643987230483851,-0.0365696239284759,0.00854143213639578,"clinical lab"
"patient_classoutpatient.8",-0.0187788906009245,0.0187788906009245,-0.0230626877850081,0.228846713311347,-0.00163713405238829,0.00895608628659476,-0.0895608628659476,-0.0928351309707242,0.00625963020030817,0,0,0.086575500770416,-0.0539291217257319,0.250770416024653,-0.0397176594342404,-0.0230626877850081,0.228846713311347,-0.0397176594342404,"clinical lab"
"drive_thru_ind.8",-0.00512485928183747,0.00512485928183747,-0.0418335654685432,-0.228184904263708,0.0371552297933217,0.00128121482045937,0.062779526202509,0.0363010865796821,0.0269055112296467,0,0,-0.0632065978093288,0.00854143213639578,-0.0397176594342404,1,-0.0418335654685432,-0.228184904263708,1,"clinical lab"
"std_pan_day.8",-0.0127272802132332,0.0127272802132332,1,0.105933989459932,-0.0351689203650206,-0.0178005679738,0.0487690242789965,0.0756475182428924,-0.0304187452244403,0,0,-0.0452287730184521,0.00643987230483851,-0.0230626877850081,-0.0418335654685432,1,0.105933989459932,-0.0418335654685432,"clinical lab"
"std_age.8",-0.0494752139554893,0.0494752139554893,0.105933989459932,1,-0.0138451557446905,0.0282263409238011,-0.312191719326468,-0.160714192360921,-0.142366540787846,0,0,0.303080733148767,-0.0365696239284759,0.228846713311347,-0.228184904263708,0.105933989459932,1,-0.228184904263708,"clinical lab"
"std_drive_thru_ind.8",-0.00512485928183747,0.00512485928183747,-0.0418335654685432,-0.228184904263708,0.0371552297933217,0.00128121482045937,0.062779526202509,0.0363010865796821,0.0269055112296467,0,0,-0.0632065978093288,0.00854143213639578,-0.0397176594342404,1,-0.0418335654685432,-0.228184904263708,1,"clinical lab"
"resultnegative.9",0,0,0,0,0,0,0,0,0,0,0,0,0,0,0,0,0,0,"diag radiology"
"resultpositive.9",0,0,0,0,0,0,0,0,0,0,0,0,0,0,0,0,0,0,"diag radiology"
"pan_day.9",0,0,1,0.877204381774766,0,0,0,0.546683145176682,-0.546683145176682,0,0,0,0,0,0,1,0.877204381774766,0,"diag radiology"
"age.9",0,0,0.877204381774766,1,0,0,0,0.568692998267051,-0.568692998267051,0,0,0,0,0,0,0.877204381774766,1,0,"diag radiology"
"gendermale.9",0,0,0,0,0,0,0,0,0,0,0,0,0,0,0,0,0,0,"diag radiology"
"demo_groupother.adult.9",0,0,0,0,0,0,0,0,0,0,0,0,0,0,0,0,0,0,"diag radiology"
"demo_grouppatient.9",0,0,0,0,0,0,0,0,0,0,0,0,0,0,0,0,0,0,"diag radiology"
"payor_groupcommercial.9",0,0,0.546683145176682,0.568692998267051,0,0,0,0.333333333333333,-0.333333333333333,0,0,0,0,0,0,0.546683145176682,0.568692998267051,0,"diag radiology"
"payor_groupgovernment.9",0,0,-0.546683145176682,-0.568692998267051,0,0,0,-0.333333333333333,0.333333333333333,0,0,0,0,0,0,-0.546683145176682,-0.568692998267051,0,"diag radiology"
"payor_groupmedical.assistance.9",0,0,0,0,0,0,0,0,0,0,0,0,0,0,0,0,0,0,"diag radiology"
"payor_groupother.9",0,0,0,0,0,0,0,0,0,0,0,0,0,0,0,0,0,0,"diag radiology"
"payor_groupself.pay.9",0,0,0,0,0,0,0,0,0,0,0,0,0,0,0,0,0,0,"diag radiology"
"patient_classemergency.9",0,0,0,0,0,0,0,0,0,0,0,0,0,0,0,0,0,0,"diag radiology"
"patient_classoutpatient.9",0,0,0,0,0,0,0,0,0,0,0,0,0,0,0,0,0,0,"diag radiology"
"drive_thru_ind.9",0,0,0,0,0,0,0,0,0,0,0,0,0,0,0,0,0,0,"diag radiology"
"std_pan_day.9",0,0,1,0.877204381774766,0,0,0,0.546683145176682,-0.546683145176682,0,0,0,0,0,0,1,0.877204381774766,0,"diag radiology"
"std_age.9",0,0,0.877204381774766,1,0,0,0,0.568692998267051,-0.568692998267051,0,0,0,0,0,0,0.877204381774766,1,0,"diag radiology"
"std_drive_thru_ind.9",0,0,0,0,0,0,0,0,0,0,0,0,0,0,0,0,0,0,"diag radiology"
"resultnegative.10",0,0,0,0,0,0,0,0,0,0,0,0,0,0,0,0,0,0,"dialysis"
"resultpositive.10",0,0,0,0,0,0,0,0,0,0,0,0,0,0,0,0,0,0,"dialysis"
"pan_day.10",0,0,1,0.275430916759811,-0.0623123600600189,0,0,0.0110894878072915,-0.0110894878072915,0,0,0,0,0,0,1,0.275430916759811,0,"dialysis"
"age.10",0,0,0.275430916759811,1,0.0956456199717621,0,0,-0.0179335537447054,0.0179335537447054,0,0,0,0,0,0,0.275430916759811,1,0,"dialysis"
"gendermale.10",0,0,-0.0623123600600189,0.0956456199717621,0.151515151515152,0,0,0.0454545454545455,-0.0454545454545455,0,0,0,0,0,0,-0.0623123600600189,0.0956456199717621,0,"dialysis"
"demo_groupother.adult.10",0,0,0,0,0,0,0,0,0,0,0,0,0,0,0,0,0,0,"dialysis"
"demo_grouppatient.10",0,0,0,0,0,0,0,0,0,0,0,0,0,0,0,0,0,0,"dialysis"
"payor_groupcommercial.10",0,0,0.0110894878072915,-0.0179335537447054,0.0454545454545455,0,0,0.204545454545455,-0.204545454545455,0,0,0,0,0,0,0.0110894878072915,-0.0179335537447054,0,"dialysis"
"payor_groupgovernment.10",0,0,-0.0110894878072915,0.0179335537447054,-0.0454545454545455,0,0,-0.204545454545455,0.204545454545455,0,0,0,0,0,0,-0.0110894878072915,0.0179335537447054,0,"dialysis"
"payor_groupmedical.assistance.10",0,0,0,0,0,0,0,0,0,0,0,0,0,0,0,0,0,0,"dialysis"
"payor_groupother.10",0,0,0,0,0,0,0,0,0,0,0,0,0,0,0,0,0,0,"dialysis"
"payor_groupself.pay.10",0,0,0,0,0,0,0,0,0,0,0,0,0,0,0,0,0,0,"dialysis"
"patient_classemergency.10",0,0,0,0,0,0,0,0,0,0,0,0,0,0,0,0,0,0,"dialysis"
"patient_classoutpatient.10",0,0,0,0,0,0,0,0,0,0,0,0,0,0,0,0,0,0,"dialysis"
"drive_thru_ind.10",0,0,0,0,0,0,0,0,0,0,0,0,0,0,0,0,0,0,"dialysis"
"std_pan_day.10",0,0,1,0.275430916759811,-0.0623123600600189,0,0,0.0110894878072915,-0.0110894878072915,0,0,0,0,0,0,1,0.275430916759811,0,"dialysis"
"std_age.10",0,0,0.275430916759811,1,0.0956456199717621,0,0,-0.0179335537447054,0.0179335537447054,0,0,0,0,0,0,0.275430916759811,1,0,"dialysis"
"std_drive_thru_ind.10",0,0,0,0,0,0,0,0,0,0,0,0,0,0,0,0,0,0,"dialysis"
"resultnegative.11",0.0571715059783784,-0.0571715059783784,0.00278861999433298,-0.0143263517522499,0.00258404232314509,-0.000887700696800283,0.000797346677079417,0.0130489936407849,-0.0121319554345326,0,0,-0.000703962492063033,-0.0158951452619922,0,0.00547117800617168,0.00278861999433298,-0.0143263517522499,0.00547117800617168,"emergency dept"
"resultpositive.11",-0.0571715059783784,0.0571715059783784,-0.00278861999433298,0.0143263517522499,-0.00258404232314509,0.000887700696800283,-0.000797346677079417,-0.0130489936407849,0.0121319554345326,0,0,0.000703962492063033,0.0158951452619922,0,-0.00547117800617168,-0.00278861999433298,0.0143263517522499,-0.00547117800617168,"emergency dept"
"pan_day.11",0.00278861999433298,-0.00278861999433298,1,0.458239668812457,0.00065219522524692,0.00244542263704237,-0.00242689054561406,-0.000125551382768102,0.00386638135728372,0,0,-0.00350415677635107,0.00208454198640414,0,-0.00589050346766576,1,0.458239668812457,-0.00589050346766576,"emergency dept"
"age.11",-0.0143263517522499,0.0143263517522499,0.458239668812457,1,-0.00477520446902616,0.020660786685925,-0.0253804092172804,0.0207756337017145,-0.0205375345547539,0,0,0.000514686682333063,0.0273283183168119,0,-0.0470052696509166,0.458239668812457,1,-0.0470052696509166,"emergency dept"
"gendermale.11",0.00258404232314509,-0.00258404232314509,0.00065219522524692,-0.00477520446902616,0.249938225948407,0.000417336402064369,-0.000806988112110607,0.00402805382124504,-0.00429567251075364,0,0,0.000792112755205342,0.00170088687428808,0,-0.00410190480787034,0.00065219522524692,-0.00477520446902616,-0.00410190480787034,"emergency dept"
"demo_groupother.adult.11",-0.000887700696800283,0.000887700696800283,0.00244542263704237,0.020660786685925,0.000417336402064369,0.00369817900839218,-0.00369266961694579,0.000897342131831473,-0.00155984645326039,0,0,0.000672145756460106,0.00187457043963566,0,-0.000916791990223363,0.00244542263704237,0.020660786685925,-0.000916791990223363,"emergency dept"
"demo_grouppatient.11",0.000797346677079417,-0.000797346677079417,-0.00242689054561406,-0.0253804092172804,-0.000806988112110607,-0.00369266961694579,0.0051697374637241,-0.000588127536902593,0.00121867738794242,0,0,-0.000644047860083495,-0.0018820081180883,0,0.00128350878631271,-0.00242689054561406,-0.0253804092172804,0.00128350878631271,"emergency dept"
"payor_groupcommercial.11",0.0130489936407849,-0.0130489936407849,-0.000125551382768102,0.0207756337017145,0.00402805382124504,0.000897342131831473,-0.000588127536902593,0.248349592924839,-0.238483650192209,0,0,-0.00867522550627864,-0.0591364304377349,0,0.025457243393041,-0.000125551382768102,0.0207756337017145,0.025457243393041,"emergency dept"
"payor_groupgovernment.11",-0.0121319554345326,0.0121319554345326,0.00386638135728372,-0.0205375345547539,-0.00429567251075364,-0.00155984645326039,0.00121867738794242,-0.238483650192209,0.249683692063584,0,0,-0.00984831268000215,0.056430217359266,0,-0.0201398498497455,0.00386638135728372,-0.0205375345547539,-0.0201398498497455,"emergency dept"
"payor_groupmedical.assistance.11",0,0,0,0,0,0,0,0,0,0,0,0,0,0,0,0,0,0,"emergency dept"
"payor_groupother.11",0,0,0,0,0,0,0,0,0,0,0,0,0,0,0,0,0,0,"emergency dept"
"payor_groupself.pay.11",-0.000703962492063033,0.000703962492063033,-0.00350415677635107,0.000514686682333063,0.000792112755205342,0.000672145756460106,-0.000644047860083495,-0.00867522550627864,-0.00984831268000215,0,0,0.0185727095049399,0.00362118526292882,0,-0.00467563915013915,-0.00350415677635107,0.000514686682333063,-0.00467563915013915,"emergency dept"
"patient_classemergency.11",-0.0158951452619922,0.0158951452619922,0.00208454198640414,0.0273283183168119,0.00170088687428808,0.00187457043963566,-0.0018820081180883,-0.0591364304377349,0.056430217359266,0,0,0.00362118526292882,0.250067696647398,0,-0.0378161908999553,0.00208454198640414,0.027328318316812,-0.0378161908999553,"emergency dept"
"patient_classoutpatient.11",0,0,0,0,0,0,0,0,0,0,0,0,0,0,0,0,0,0,"emergency dept"
"drive_thru_ind.11",0.00547117800617168,-0.00547117800617168,-0.00589050346766576,-0.0470052696509166,-0.00410190480787034,-0.000916791990223363,0.00128350878631271,0.025457243393041,-0.0201398498497455,0,0,-0.00467563915013915,-0.0378161908999553,0,1,-0.00589050346766576,-0.0470052696509166,1,"emergency dept"
"std_pan_day.11",0.00278861999433298,-0.00278861999433298,1,0.458239668812457,0.00065219522524692,0.00244542263704237,-0.00242689054561406,-0.000125551382768102,0.00386638135728372,0,0,-0.00350415677635107,0.00208454198640414,0,-0.00589050346766576,1,0.458239668812457,-0.00589050346766576,"emergency dept"
"std_age.11",-0.0143263517522499,0.0143263517522499,0.458239668812457,1,-0.00477520446902616,0.020660786685925,-0.0253804092172804,0.0207756337017145,-0.0205375345547539,0,0,0.000514686682333063,0.027328318316812,0,-0.0470052696509166,0.458239668812457,1,-0.0470052696509166,"emergency dept"
"std_drive_thru_ind.11",0.00547117800617168,-0.00547117800617168,-0.00589050346766576,-0.0470052696509166,-0.00410190480787034,-0.000916791990223363,0.00128350878631271,0.025457243393041,-0.0201398498497455,0,0,-0.00467563915013915,-0.0378161908999553,0,1,-0.00589050346766576,-0.0470052696509166,1,"emergency dept"
"resultnegative.12",0,0,0,0,0,0,0,0,0,0,0,0,0,0,0,0,0,0,"fluoro radiology"
"resultpositive.12",0,0,0,0,0,0,0,0,0,0,0,0,0,0,0,0,0,0,"fluoro radiology"
"pan_day.12",0,0,1,1,-0.707106781186548,0,0,0.707106781186548,-0.707106781186548,0,0,0,0,0,0,1,1,0,"fluoro radiology"
"age.12",0,0,1,1,-0.707106781186547,0,0,0.707106781186547,-0.707106781186547,0,0,0,0,0,0,1,1,0,"fluoro radiology"
"gendermale.12",0,0,-0.707106781186548,-0.707106781186547,0.5,0,0,-0.5,0.5,0,0,0,0,0,0,-0.707106781186548,-0.707106781186547,0,"fluoro radiology"
"demo_groupother.adult.12",0,0,0,0,0,0,0,0,0,0,0,0,0,0,0,0,0,0,"fluoro radiology"
"demo_grouppatient.12",0,0,0,0,0,0,0,0,0,0,0,0,0,0,0,0,0,0,"fluoro radiology"
"payor_groupcommercial.12",0,0,0.707106781186548,0.707106781186547,-0.5,0,0,0.5,-0.5,0,0,0,0,0,0,0.707106781186548,0.707106781186547,0,"fluoro radiology"
"payor_groupgovernment.12",0,0,-0.707106781186548,-0.707106781186547,0.5,0,0,-0.5,0.5,0,0,0,0,0,0,-0.707106781186548,-0.707106781186547,0,"fluoro radiology"
"payor_groupmedical.assistance.12",0,0,0,0,0,0,0,0,0,0,0,0,0,0,0,0,0,0,"fluoro radiology"
"payor_groupother.12",0,0,0,0,0,0,0,0,0,0,0,0,0,0,0,0,0,0,"fluoro radiology"
"payor_groupself.pay.12",0,0,0,0,0,0,0,0,0,0,0,0,0,0,0,0,0,0,"fluoro radiology"
"patient_classemergency.12",0,0,0,0,0,0,0,0,0,0,0,0,0,0,0,0,0,0,"fluoro radiology"
"patient_classoutpatient.12",0,0,0,0,0,0,0,0,0,0,0,0,0,0,0,0,0,0,"fluoro radiology"
"drive_thru_ind.12",0,0,0,0,0,0,0,0,0,0,0,0,0,0,0,0,0,0,"fluoro radiology"
"std_pan_day.12",0,0,1,1,-0.707106781186548,0,0,0.707106781186548,-0.707106781186548,0,0,0,0,0,0,1,1,0,"fluoro radiology"
"std_age.12",0,0,1,1,-0.707106781186547,0,0,0.707106781186547,-0.707106781186547,0,0,0,0,0,0,1,1,0,"fluoro radiology"
"std_drive_thru_ind.12",0,0,0,0,0,0,0,0,0,0,0,0,0,0,0,0,0,0,"fluoro radiology"
"resultnegative.13",0,0,0,0,0,0,0,0,0,0,0,0,0,0,0,0,0,0,"gastroenterology"
"resultpositive.13",0,0,0,0,0,0,0,0,0,0,0,0,0,0,0,0,0,0,"gastroenterology"
"pan_day.13",0,0,1,-1,0.707106781186547,0,0,0,0,0,0,0,0,0,0,1,-1,0,"gastroenterology"
"age.13",0,0,-1,1,-0.707106781186548,0,0,0,0,0,0,0,0,0,0,-1,1,0,"gastroenterology"
"gendermale.13",0,0,0.707106781186547,-0.707106781186548,0.5,0,0,0,0,0,0,0,0,0,0,0.707106781186547,-0.707106781186547,0,"gastroenterology"
"demo_groupother.adult.13",0,0,0,0,0,0,0,0,0,0,0,0,0,0,0,0,0,0,"gastroenterology"
"demo_grouppatient.13",0,0,0,0,0,0,0,0,0,0,0,0,0,0,0,0,0,0,"gastroenterology"
"payor_groupcommercial.13",0,0,0,0,0,0,0,0,0,0,0,0,0,0,0,0,0,0,"gastroenterology"
"payor_groupgovernment.13",0,0,0,0,0,0,0,0,0,0,0,0,0,0,0,0,0,0,"gastroenterology"
"payor_groupmedical.assistance.13",0,0,0,0,0,0,0,0,0,0,0,0,0,0,0,0,0,0,"gastroenterology"
"payor_groupother.13",0,0,0,0,0,0,0,0,0,0,0,0,0,0,0,0,0,0,"gastroenterology"
"payor_groupself.pay.13",0,0,0,0,0,0,0,0,0,0,0,0,0,0,0,0,0,0,"gastroenterology"
"patient_classemergency.13",0,0,0,0,0,0,0,0,0,0,0,0,0,0,0,0,0,0,"gastroenterology"
"patient_classoutpatient.13",0,0,0,0,0,0,0,0,0,0,0,0,0,0,0,0,0,0,"gastroenterology"
"drive_thru_ind.13",0,0,0,0,0,0,0,0,0,0,0,0,0,0,0,0,0,0,"gastroenterology"
"std_pan_day.13",0,0,1,-1,0.707106781186547,0,0,0,0,0,0,0,0,0,0,1,-1,0,"gastroenterology"
"std_age.13",0,0,-1,1,-0.707106781186547,0,0,0,0,0,0,0,0,0,0,-1,1,0,"gastroenterology"
"std_drive_thru_ind.13",0,0,0,0,0,0,0,0,0,0,0,0,0,0,0,0,0,0,"gastroenterology"
"resultnegative.14",0,0,0,0,0,0,0,0,0,0,0,0,0,0,0,0,0,0,"gi endoscopy ste"
"resultpositive.14",0,0,0,0,0,0,0,0,0,0,0,0,0,0,0,0,0,0,"gi endoscopy ste"
"pan_day.14",0,0,1,1,-0.707106781186548,0,0,0,0,0,0,0,0,0,0,1,1,0,"gi endoscopy ste"
"age.14",0,0,1,1,-0.707106781186547,0,0,0,0,0,0,0,0,0,0,1,1,0,"gi endoscopy ste"
"gendermale.14",0,0,-0.707106781186548,-0.707106781186547,0.5,0,0,0,0,0,0,0,0,0,0,-0.707106781186548,-0.707106781186547,0,"gi endoscopy ste"
"demo_groupother.adult.14",0,0,0,0,0,0,0,0,0,0,0,0,0,0,0,0,0,0,"gi endoscopy ste"
"demo_grouppatient.14",0,0,0,0,0,0,0,0,0,0,0,0,0,0,0,0,0,0,"gi endoscopy ste"
"payor_groupcommercial.14",0,0,0,0,0,0,0,0,0,0,0,0,0,0,0,0,0,0,"gi endoscopy ste"
"payor_groupgovernment.14",0,0,0,0,0,0,0,0,0,0,0,0,0,0,0,0,0,0,"gi endoscopy ste"
"payor_groupmedical.assistance.14",0,0,0,0,0,0,0,0,0,0,0,0,0,0,0,0,0,0,"gi endoscopy ste"
"payor_groupother.14",0,0,0,0,0,0,0,0,0,0,0,0,0,0,0,0,0,0,"gi endoscopy ste"
"payor_groupself.pay.14",0,0,0,0,0,0,0,0,0,0,0,0,0,0,0,0,0,0,"gi endoscopy ste"
"patient_classemergency.14",0,0,0,0,0,0,0,0,0,0,0,0,0,0,0,0,0,0,"gi endoscopy ste"
"patient_classoutpatient.14",0,0,0,0,0,0,0,0,0,0,0,0,0,0,0,0,0,0,"gi endoscopy ste"
"drive_thru_ind.14",0,0,0,0,0,0,0,0,0,0,0,0,0,0,0,0,0,0,"gi endoscopy ste"
"std_pan_day.14",0,0,1,1,-0.707106781186548,0,0,0,0,0,0,0,0,0,0,1,1,0,"gi endoscopy ste"
"std_age.14",0,0,1,1,-0.707106781186547,0,0,0,0,0,0,0,0,0,0,1,1,0,"gi endoscopy ste"
"std_drive_thru_ind.14",0,0,0,0,0,0,0,0,0,0,0,0,0,0,0,0,0,0,"gi endoscopy ste"
"resultnegative.15",0,0,0,0,0,0,0,0,0,0,0,0,0,0,0,0,0,0,"heart station"
"resultpositive.15",0,0,0,0,0,0,0,0,0,0,0,0,0,0,0,0,0,0,"heart station"
"pan_day.15",0,0,1,1,-0.707106781186548,0,0,0,0,0,0,0,0,0,0,1,1,0,"heart station"
"age.15",0,0,1,1,-0.707106781186547,0,0,0,0,0,0,0,0,0,0,1,1,0,"heart station"
"gendermale.15",0,0,-0.707106781186548,-0.707106781186547,0.5,0,0,0,0,0,0,0,0,0,0,-0.707106781186547,-0.707106781186548,0,"heart station"
"demo_groupother.adult.15",0,0,0,0,0,0,0,0,0,0,0,0,0,0,0,0,0,0,"heart station"
"demo_grouppatient.15",0,0,0,0,0,0,0,0,0,0,0,0,0,0,0,0,0,0,"heart station"
"payor_groupcommercial.15",0,0,0,0,0,0,0,0,0,0,0,0,0,0,0,0,0,0,"heart station"
"payor_groupgovernment.15",0,0,0,0,0,0,0,0,0,0,0,0,0,0,0,0,0,0,"heart station"
"payor_groupmedical.assistance.15",0,0,0,0,0,0,0,0,0,0,0,0,0,0,0,0,0,0,"heart station"
"payor_groupother.15",0,0,0,0,0,0,0,0,0,0,0,0,0,0,0,0,0,0,"heart station"
"payor_groupself.pay.15",0,0,0,0,0,0,0,0,0,0,0,0,0,0,0,0,0,0,"heart station"
"patient_classemergency.15",0,0,0,0,0,0,0,0,0,0,0,0,0,0,0,0,0,0,"heart station"
"patient_classoutpatient.15",0,0,0,0,0,0,0,0,0,0,0,0,0,0,0,0,0,0,"heart station"
"drive_thru_ind.15",0,0,0,0,0,0,0,0,0,0,0,0,0,0,0,0,0,0,"heart station"
"std_pan_day.15",0,0,1,1,-0.707106781186547,0,0,0,0,0,0,0,0,0,0,1,1,0,"heart station"
"std_age.15",0,0,1,1,-0.707106781186548,0,0,0,0,0,0,0,0,0,0,1,1,0,"heart station"
"std_drive_thru_ind.15",0,0,0,0,0,0,0,0,0,0,0,0,0,0,0,0,0,0,"heart station"
"resultnegative.16",0.0151515151515152,-0.0151515151515152,0.0311987530226563,0.0155994811692729,0.00745920745920746,0,0,0.0128205128205128,-0.0128205128205128,0,0,0,0,-0.000233100233100233,0.00567025187180317,0.0311987530226563,0.0155994811692729,0.00567025187180317,"hem onc day hosp"
"resultpositive.16",-0.0151515151515152,0.0151515151515152,-0.0311987530226563,-0.0155994811692729,-0.00745920745920746,0,0,-0.0128205128205128,0.0128205128205128,0,0,0,0,0.000233100233100233,-0.00567025187180317,-0.0311987530226563,-0.0155994811692729,-0.00567025187180317,"hem onc day hosp"
"pan_day.16",0.0311987530226563,-0.0311987530226563,1,0.555631069085263,0.0697701220333756,0,0,0.082087785330505,-0.082087785330505,0,0,0,0,-0.00203196489427099,0.19016780358934,1,0.555631069085263,0.19016780358934,"hem onc day hosp"
"age.16",0.0155994811692729,-0.0155994811692729,0.555631069085263,1,-0.019075013243256,0,0,0.0382308528138139,-0.0382308528138139,0,0,0,0,-0.0110732068403647,-0.168595747695848,0.555631069085263,1,-0.168595747695848,"hem onc day hosp"
